100
2 1
2 2
3 1
3 2
10 5
100000 1
100000 100000
100000 50000
87928 78688
90251 8099
99953 66096
85857 17181
99156 45893
99184 21305
80810 24859
84609 70027
95869 78343
88416 27368
94226 74855
80559 79654
82794 42067
81431 55273
93620 26217
96247 53021
88903 59553
92745 55082
97657 26750
95091 38826
94180 91311
86147 34055
90003 5942
85963 23187
87132 41020
99478 48302
80796 13468
83976 47801
89579 77760
85858 59516
83776 10059
98962 6588
96155 29558
97022 3609
91643 34190
98344 45912
83784 77599
82340 993
89993 25150
98519 90626
87062 64858
89178 8902
83117 16780
99168 62450
81809 8453
89984 69362
83022 58940
92577 25325
82977 15392
82115 42396
91258 85592
96393 15187
81302 64701
85629 18156
80955 58409
84126 27816
88605 41171
86298 84376
95249 88924
99189 75479
98272 79553
91525 69035
95831 2755
89187 74820
92153 47429
93866 42144
97758 34728
91805 10221
87293 35222
81748 69269
82563 74736
92536 6389
96765 31881
99960 11176
95367 81959
93204 48910
96073 74112
82537 4007
81978 65353
82906 34444
98979 65388
89230 80245
81422 9524
99919 90112
81911 13414
83527 33718
83262 29242
81634 12856
91945 57407
95123 8972
99671 32794
96361 66962
